## LogoData
# First column is position number, counting from zero
# Subsequent columns are raw symbol counts
# Entropy is mean entropy measured in nats.
# Low and High are the 95% confidence limits.
# Weight is the fraction of non-gap symbols in the column.
#	
	A 	C 	D 	E 	F 	G 	H 	I 	K 	L 	M 	N 	P 	Q 	R 	S 	T 	V 	W 	Y 	Entropy	Low	High	Weight
1 	0 	0 	0 	0 	0 	0 	0 	0 	0 	0 	0 	0 	2 	0 	0 	0 	0 	0 	0 	0 	1.1882 	0.5610 	1.8153 	0.0357 
2 	0 	0 	0 	0 	0 	0 	0 	2 	0 	0 	0 	0 	0 	0 	0 	0 	0 	0 	0 	0 	1.1834 	0.5560 	1.8108 	0.0357 
3 	0 	0 	0 	0 	0 	0 	0 	0 	0 	0 	0 	0 	0 	0 	0 	0 	1 	1 	0 	0 	1.0207 	0.4642 	1.5772 	0.0357 
4 	0 	0 	2 	0 	0 	0 	0 	0 	0 	0 	0 	0 	0 	0 	0 	0 	0 	0 	0 	0 	1.1787 	0.5510 	1.8065 	0.0357 
5 	0 	0 	0 	0 	0 	0 	1 	0 	0 	0 	0 	0 	0 	0 	0 	0 	1 	0 	0 	0 	1.1516 	0.5547 	1.7485 	0.0357 
6 	0 	0 	0 	0 	0 	2 	0 	0 	0 	0 	0 	0 	0 	0 	0 	0 	0 	0 	0 	0 	1.1065 	0.4633 	1.7497 	0.0357 
7 	0 	0 	0 	0 	0 	0 	0 	0 	0 	0 	0 	0 	0 	1 	0 	1 	0 	0 	0 	0 	1.0582 	0.4956 	1.6207 	0.0357 
8 	0 	0 	0 	0 	0 	0 	0 	0 	0 	0 	0 	0 	1 	0 	0 	0 	0 	1 	0 	0 	1.0348 	0.4791 	1.5904 	0.0357 
9 	1 	0 	0 	0 	0 	0 	0 	0 	0 	0 	0 	0 	1 	0 	0 	0 	0 	0 	0 	0 	1.0134 	0.4453 	1.5814 	0.0357 
10 	0 	0 	0 	0 	0 	0 	0 	0 	1 	0 	0 	0 	0 	0 	0 	0 	0 	0 	0 	0 	1.0715 	0.4735 	1.6694 	0.0179 
11 	3 	0 	0 	0 	0 	21 	0 	0 	1 	0 	1 	0 	2 	0 	0 	4 	3 	20 	0 	0 	1.0818 	0.8213 	1.3422 	0.9821 
12 	0 	0 	0 	1 	0 	0 	7 	0 	0 	0 	0 	1 	0 	1 	0 	2 	0 	0 	0 	0 	1.5560 	1.0338 	2.0783 	0.2143 
13 	0 	0 	0 	0 	0 	0 	0 	0 	0 	0 	0 	0 	0 	0 	0 	0 	1 	0 	0 	0 	1.0693 	0.4708 	1.6678 	0.0179 
14 	0 	0 	0 	0 	0 	0 	0 	0 	0 	0 	0 	0 	0 	0 	0 	1 	0 	0 	0 	0 	1.0479 	0.4410 	1.6548 	0.0179 
15 	0 	0 	0 	0 	0 	0 	0 	0 	0 	0 	0 	0 	0 	0 	0 	0 	1 	0 	0 	0 	1.0693 	0.4708 	1.6678 	0.0179 
16 	0 	0 	0 	0 	0 	0 	0 	0 	0 	0 	0 	0 	0 	0 	0 	1 	0 	0 	0 	0 	1.0479 	0.4410 	1.6548 	0.0179 
17 	0 	0 	0 	0 	0 	0 	0 	0 	0 	0 	0 	0 	0 	0 	0 	0 	1 	0 	0 	0 	1.0693 	0.4708 	1.6678 	0.0179 
18 	0 	0 	0 	0 	0 	0 	0 	0 	0 	0 	0 	0 	0 	0 	0 	1 	0 	0 	0 	0 	1.0479 	0.4410 	1.6548 	0.0179 
19 	0 	0 	1 	0 	0 	0 	0 	0 	0 	0 	0 	0 	0 	0 	0 	0 	0 	0 	0 	0 	1.0808 	0.4845 	1.6771 	0.0179 
20 	0 	0 	0 	0 	0 	0 	0 	0 	0 	0 	0 	0 	0 	0 	0 	1 	0 	0 	0 	0 	1.0479 	0.4410 	1.6548 	0.0179 
21 	0 	0 	0 	0 	0 	0 	0 	0 	0 	0 	0 	0 	0 	0 	0 	0 	0 	1 	0 	0 	1.0532 	0.4490 	1.6574 	0.0179 
22 	0 	0 	0 	0 	0 	0 	0 	0 	0 	0 	0 	0 	0 	1 	0 	0 	0 	0 	0 	0 	1.1189 	0.5202 	1.7177 	0.0179 
23 	0 	0 	0 	0 	0 	1 	0 	0 	0 	0 	0 	0 	0 	0 	0 	0 	0 	0 	0 	0 	1.0429 	0.4331 	1.6526 	0.0179 
24 	1 	0 	0 	0 	0 	0 	0 	0 	0 	0 	0 	0 	0 	0 	0 	0 	0 	0 	0 	0 	1.0279 	0.4073 	1.6486 	0.0179 
25 	1 	0 	0 	0 	0 	0 	0 	0 	0 	0 	0 	0 	0 	0 	0 	0 	0 	0 	0 	0 	1.0279 	0.4073 	1.6486 	0.0179 
26 	1 	0 	0 	0 	0 	0 	0 	0 	0 	0 	0 	0 	0 	0 	0 	0 	0 	0 	0 	0 	1.0279 	0.4073 	1.6486 	0.0179 
27 	0 	0 	0 	0 	0 	0 	0 	0 	0 	0 	0 	0 	0 	1 	0 	0 	0 	0 	0 	0 	1.1189 	0.5202 	1.7177 	0.0179 
28 	0 	0 	0 	0 	0 	0 	0 	0 	0 	0 	0 	1 	0 	0 	0 	0 	0 	0 	0 	0 	1.1057 	0.5093 	1.7021 	0.0179 
29 	0 	0 	0 	0 	0 	0 	0 	0 	1 	0 	0 	0 	0 	0 	0 	0 	0 	0 	0 	0 	1.0715 	0.4735 	1.6694 	0.0179 
30 	2 	0 	1 	0 	2 	0 	0 	0 	0 	36 	1 	0 	2 	1 	0 	0 	0 	2 	3 	1 	1.2996 	0.9125 	1.6868 	0.9107 
31 	0 	2 	2 	0 	5 	0 	0 	0 	0 	3 	0 	0 	0 	1 	0 	29 	10 	0 	0 	0 	1.2948 	0.9939 	1.5957 	0.9286 
32 	13 	0 	15 	3 	0 	5 	0 	0 	0 	0 	0 	0 	7 	0 	0 	4 	6 	0 	0 	0 	0.8722 	0.6742 	1.0703 	0.9464 
33 	16 	0 	5 	12 	0 	10 	1 	1 	2 	0 	0 	0 	0 	2 	0 	1 	1 	2 	0 	0 	0.7717 	0.5337 	1.0098 	0.9464 
34 	0 	0 	17 	26 	0 	0 	0 	0 	4 	2 	0 	0 	0 	3 	0 	1 	0 	2 	0 	0 	1.3055 	1.0401 	1.5709 	0.9821 
35 	0 	0 	0 	2 	1 	0 	0 	0 	27 	1 	0 	0 	0 	8 	3 	0 	1 	0 	12 	0 	1.5887 	1.2831 	1.8943 	0.9821 
36 	8 	1 	2 	7 	0 	2 	2 	2 	2 	0 	0 	2 	0 	12 	1 	6 	8 	1 	0 	0 	0.6119 	0.4066 	0.8172 	1.0000 
37 	18 	1 	1 	2 	0 	0 	4 	2 	1 	12 	0 	9 	0 	3 	0 	1 	1 	1 	0 	0 	0.7675 	0.5071 	1.0278 	1.0000 
38 	1 	0 	0 	0 	0 	0 	0 	11 	2 	11 	0 	0 	0 	0 	0 	0 	0 	31 	0 	0 	1.3642 	1.1100 	1.6185 	1.0000 
39 	4 	0 	0 	0 	0 	1 	0 	2 	12 	14 	0 	1 	0 	0 	3 	2 	8 	9 	0 	0 	0.6858 	0.4853 	0.8864 	1.0000 
40 	14 	0 	2 	2 	0 	7 	0 	1 	5 	0 	0 	9 	0 	0 	0 	4 	3 	0 	0 	0 	0.7570 	0.5346 	0.9794 	0.8393 
41 	7 	1 	0 	0 	3 	0 	0 	7 	0 	10 	0 	0 	0 	1 	0 	5 	5 	8 	0 	0 	0.6695 	0.4660 	0.8731 	0.8393 
42 	0 	0 	0 	1 	1 	0 	0 	0 	0 	0 	0 	0 	0 	1 	0 	1 	0 	1 	42 	0 	3.2504 	2.8504 	3.6504 	0.8393 
43 	4 	0 	2 	1 	0 	25 	1 	0 	9 	0 	0 	3 	1 	0 	1 	6 	0 	1 	2 	0 	0.9100 	0.6261 	1.1939 	1.0000 
44 	3 	0 	1 	0 	0 	2 	0 	0 	36 	0 	0 	0 	2 	1 	0 	6 	1 	4 	0 	0 	1.3639 	1.0461 	1.6817 	1.0000 
45 	1 	0 	0 	0 	0 	0 	0 	8 	0 	4 	0 	0 	0 	1 	1 	7 	1 	33 	0 	0 	1.2731 	0.9846 	1.5616 	1.0000 
46 	5 	0 	0 	13 	2 	11 	0 	0 	0 	0 	0 	0 	0 	0 	0 	4 	0 	2 	4 	2 	0.9470 	0.6738 	1.2202 	0.7679 
47 	14 	0 	1 	4 	0 	7 	0 	0 	2 	0 	0 	1 	4 	2 	0 	4 	2 	0 	0 	2 	0.6508 	0.4005 	0.9012 	0.7679 
48 	2 	0 	19 	1 	0 	1 	10 	0 	2 	1 	0 	11 	0 	3 	0 	1 	2 	2 	0 	0 	1.0951 	0.8372 	1.3530 	0.9821 
49 	13 	0 	1 	1 	6 	2 	0 	8 	2 	5 	1 	0 	1 	0 	0 	1 	0 	13 	0 	2 	0.6542 	0.4332 	0.8751 	1.0000 
50 	1 	0 	0 	0 	0 	0 	0 	0 	0 	0 	0 	0 	1 	0 	0 	0 	0 	0 	0 	0 	1.0134 	0.4453 	1.5814 	0.0357 
51 	0 	0 	0 	0 	0 	0 	0 	0 	0 	0 	0 	0 	0 	0 	0 	0 	2 	0 	0 	0 	1.1570 	0.5267 	1.7872 	0.0357 
52 	0 	0 	0 	0 	0 	0 	0 	1 	0 	0 	1 	0 	0 	0 	0 	0 	0 	0 	0 	0 	1.1520 	0.5670 	1.7371 	0.0357 
53 	8 	0 	7 	7 	0 	8 	2 	0 	10 	0 	1 	2 	6 	1 	0 	3 	1 	0 	0 	0 	0.5994 	0.4148 	0.7840 	1.0000 
54 	6 	0 	3 	19 	0 	12 	3 	0 	3 	0 	0 	2 	0 	4 	0 	2 	2 	0 	0 	0 	0.8194 	0.5829 	1.0558 	1.0000 
55 	2 	2 	1 	0 	2 	0 	12 	2 	0 	4 	1 	11 	0 	0 	0 	3 	1 	6 	0 	9 	0.9510 	0.7207 	1.1814 	1.0000 
56 	1 	0 	0 	1 	0 	43 	0 	3 	0 	1 	0 	0 	1 	1 	2 	2 	0 	1 	0 	0 	1.5042 	1.1507 	1.8577 	1.0000 
57 	16 	0 	0 	2 	0 	11 	1 	0 	0 	2 	0 	0 	5 	9 	0 	3 	1 	6 	0 	0 	0.7433 	0.5296 	0.9569 	1.0000 
58 	4 	0 	6 	34 	1 	2 	0 	0 	2 	2 	0 	1 	0 	2 	0 	0 	2 	0 	0 	0 	1.2223 	0.9045 	1.5400 	1.0000 
59 	23 	0 	0 	0 	2 	1 	0 	6 	1 	4 	0 	1 	0 	0 	0 	0 	2 	12 	0 	4 	0.8830 	0.6245 	1.1414 	1.0000 
60 	1 	0 	1 	0 	2 	1 	0 	1 	0 	42 	1 	0 	0 	0 	0 	5 	2 	0 	0 	0 	1.3578 	1.0094 	1.7062 	1.0000 
61 	5 	1 	0 	10 	0 	9 	1 	11 	0 	3 	1 	0 	0 	1 	0 	3 	4 	5 	0 	2 	0.5746 	0.3736 	0.7757 	1.0000 
62 	2 	0 	1 	1 	0 	0 	0 	0 	1 	5 	0 	0 	0 	1 	40 	0 	2 	2 	0 	1 	1.5107 	1.1668 	1.8546 	1.0000 
63 	0 	1 	0 	0 	9 	0 	0 	3 	0 	26 	13 	0 	0 	0 	0 	0 	2 	2 	0 	0 	1.3155 	1.0280 	1.6030 	1.0000 
64 	0 	0 	0 	0 	34 	0 	0 	0 	0 	15 	0 	0 	0 	0 	0 	0 	0 	0 	1 	5 	1.8472 	1.5593 	2.1351 	0.9821 
65 	3 	1 	0 	0 	1 	0 	2 	6 	16 	5 	0 	2 	0 	1 	1 	0 	9 	8 	0 	0 	0.7497 	0.5241 	0.9753 	0.9821 
66 	4 	0 	2 	2 	0 	9 	0 	2 	2 	1 	0 	3 	0 	1 	0 	11 	2 	16 	0 	0 	0.6524 	0.4313 	0.8735 	0.9821 
67 	0 	0 	0 	0 	12 	0 	14 	4 	0 	1 	0 	3 	0 	0 	0 	0 	2 	2 	0 	18 	1.5059 	1.2665 	1.7453 	1.0000 
68 	1 	0 	0 	0 	4 	0 	0 	0 	1 	6 	0 	0 	43 	1 	0 	0 	0 	0 	0 	0 	1.8530 	1.5301 	2.1759 	1.0000 
69 	4 	0 	4 	19 	0 	0 	0 	0 	1 	0 	0 	0 	1 	5 	1 	1 	7 	0 	13 	0 	1.2286 	0.9529 	1.5042 	1.0000 
70 	3 	0 	0 	0 	0 	0 	0 	4 	6 	0 	0 	0 	0 	1 	0 	0 	42 	0 	0 	0 	1.7440 	1.4321 	2.0560 	1.0000 
71 	6 	0 	0 	0 	0 	0 	2 	1 	15 	10 	1 	1 	0 	14 	3 	0 	2 	1 	0 	0 	0.8951 	0.6586 	1.1315 	1.0000 
72 	1 	0 	4 	10 	0 	1 	0 	1 	2 	0 	0 	1 	10 	0 	13 	1 	12 	0 	0 	0 	0.8558 	0.6514 	1.0602 	1.0000 
73 	4 	0 	1 	2 	11 	1 	1 	0 	10 	2 	0 	0 	0 	1 	2 	2 	1 	0 	0 	18 	1.0270 	0.7778 	1.2761 	1.0000 
74 	6 	0 	0 	0 	46 	0 	0 	0 	0 	0 	1 	0 	0 	0 	0 	1 	0 	1 	0 	0 	2.2526 	1.9247 	2.5805 	0.9821 
75 	5 	0 	13 	5 	0 	2 	0 	0 	9 	0 	0 	0 	15 	0 	3 	2 	2 	0 	0 	0 	0.8559 	0.6563 	1.0555 	1.0000 
76 	2 	0 	3 	0 	0 	1 	16 	0 	14 	0 	0 	4 	1 	2 	2 	10 	1 	0 	0 	0 	1.1072 	0.8560 	1.3583 	1.0000 
77 	0 	0 	0 	0 	40 	0 	0 	0 	0 	10 	2 	0 	0 	0 	0 	0 	0 	1 	1 	2 	1.9523 	1.6272 	2.2775 	1.0000 
78 	4 	0 	1 	0 	10 	14 	0 	0 	15 	0 	0 	0 	0 	0 	0 	1 	0 	0 	0 	0 	1.2096 	0.9610 	1.4583 	0.8036 
79 	1 	0 	23 	2 	0 	6 	9 	0 	1 	0 	0 	8 	0 	0 	0 	6 	0 	0 	0 	0 	1.2168 	0.9698 	1.4638 	1.0000 
80 	1 	0 	0 	0 	8 	0 	0 	3 	3 	35 	2 	0 	0 	0 	2 	0 	0 	1 	0 	1 	1.2070 	0.8786 	1.5355 	1.0000 
81 	0 	0 	2 	0 	0 	2 	1 	0 	12 	6 	0 	0 	0 	0 	0 	23 	6 	2 	0 	0 	1.0058 	0.7550 	1.2565 	0.9643 
82 	5 	0 	1 	0 	1 	1 	11 	0 	4 	2 	0 	3 	3 	1 	1 	11 	12 	0 	0 	0 	0.8039 	0.5761 	1.0317 	1.0000 
83 	5 	0 	0 	0 	0 	0 	0 	0 	0 	0 	0 	0 	7 	0 	0 	0 	0 	0 	0 	0 	1.4011 	0.9137 	1.8884 	0.2143 
84 	1 	0 	5 	1 	0 	2 	0 	0 	0 	0 	0 	0 	0 	1 	0 	1 	1 	0 	0 	0 	0.9124 	0.5101 	1.3147 	0.2143 
85 	12 	0 	0 	0 	0 	0 	0 	0 	0 	0 	0 	0 	0 	0 	0 	0 	0 	0 	0 	0 	1.6394 	1.0372 	2.2417 	0.2143 
86 	0 	0 	0 	0 	0 	0 	0 	5 	0 	0 	0 	0 	0 	0 	0 	0 	0 	7 	0 	0 	1.4211 	0.9394 	1.9028 	0.2143 
87 	0 	1 	0 	0 	0 	0 	0 	0 	0 	2 	9 	0 	0 	0 	0 	0 	0 	0 	0 	0 	1.9190 	1.3296 	2.5083 	0.2143 
88 	4 	0 	4 	11 	0 	4 	0 	1 	0 	0 	0 	2 	0 	2 	0 	0 	0 	1 	0 	0 	0.8842 	0.5875 	1.1809 	0.5179 
89 	4 	0 	10 	1 	0 	3 	0 	0 	0 	0 	1 	0 	1 	1 	0 	5 	2 	0 	0 	0 	0.8603 	0.5555 	1.1650 	0.5000 
90 	2 	0 	4 	9 	0 	0 	2 	1 	0 	1 	2 	1 	1 	2 	0 	1 	0 	2 	0 	0 	0.7557 	0.4493 	1.0622 	0.5000 
91 	0 	0 	0 	0 	0 	0 	0 	1 	0 	4 	10 	0 	0 	0 	0 	0 	0 	0 	0 	0 	1.8119 	1.2860 	2.3378 	0.2679 
92 	1 	0 	3 	3 	0 	3 	0 	0 	14 	0 	0 	0 	1 	0 	1 	0 	1 	2 	0 	0 	0.9889 	0.6466 	1.3313 	0.5179 
93 	10 	1 	0 	0 	0 	24 	3 	0 	1 	0 	0 	2 	3 	1 	0 	5 	2 	3 	0 	1 	0.8501 	0.5691 	1.1312 	1.0000 
94 	1 	0 	2 	1 	0 	0 	0 	0 	0 	2 	0 	15 	1 	0 	0 	26 	6 	2 	0 	0 	1.1835 	0.9142 	1.4529 	1.0000 
95 	17 	0 	1 	15 	0 	5 	0 	0 	0 	0 	0 	0 	11 	1 	0 	1 	0 	0 	0 	1 	1.0352 	0.7960 	1.2743 	0.9286 
96 	0 	0 	3 	0 	0 	0 	0 	0 	0 	0 	0 	1 	0 	3 	0 	0 	0 	0 	0 	0 	1.2520 	0.7573 	1.7467 	0.1250 
97 	0 	0 	0 	0 	2 	0 	0 	0 	0 	0 	0 	4 	0 	0 	0 	2 	0 	0 	0 	0 	1.2491 	0.7662 	1.7320 	0.1429 
98 	1 	0 	0 	0 	0 	0 	0 	0 	0 	0 	0 	0 	6 	0 	0 	1 	0 	0 	0 	0 	1.3430 	0.7710 	1.9150 	0.1429 
99 	3 	0 	15 	2 	0 	1 	0 	0 	18 	0 	1 	0 	1 	10 	0 	1 	1 	2 	0 	0 	1.0547 	0.8071 	1.3023 	0.9821 
100 	0 	0 	0 	0 	2 	2 	2 	5 	0 	20 	0 	0 	0 	0 	0 	0 	0 	24 	0 	0 	1.2128 	0.9453 	1.4804 	0.9821 
101 	3 	0 	0 	0 	0 	2 	0 	1 	33 	2 	0 	1 	0 	5 	5 	1 	2 	0 	0 	0 	1.2651 	0.9493 	1.5809 	0.9821 
102 	29 	0 	0 	1 	0 	8 	1 	0 	12 	1 	0 	0 	1 	0 	0 	0 	1 	0 	1 	0 	1.1643 	0.8736 	1.4550 	0.9821 
103 	0 	0 	0 	0 	0 	1 	49 	0 	1 	0 	0 	0 	0 	2 	2 	0 	0 	0 	0 	0 	2.8776 	2.5310 	3.2243 	0.9821 
104 	10 	0 	0 	0 	0 	38 	0 	1 	1 	0 	1 	0 	1 	0 	0 	2 	0 	2 	0 	0 	1.3975 	1.0811 	1.7139 	1.0000 
105 	0 	0 	0 	4 	0 	1 	0 	0 	0 	0 	0 	0 	0 	0 	0 	0 	0 	0 	0 	0 	1.2223 	0.6142 	1.8304 	0.0893 
106 	5 	0 	1 	5 	0 	1 	0 	1 	23 	1 	1 	2 	0 	3 	1 	1 	4 	7 	0 	0 	0.8028 	0.5398 	1.0659 	1.0000 
107 	4 	0 	0 	0 	0 	2 	0 	0 	24 	2 	0 	0 	0 	0 	3 	0 	15 	6 	0 	0 	1.1315 	0.8900 	1.3729 	1.0000 
108 	0 	0 	0 	0 	7 	0 	0 	6 	0 	3 	0 	0 	0 	0 	0 	0 	0 	40 	0 	0 	1.6639 	1.3683 	1.9596 	1.0000 
109 	8 	0 	0 	1 	5 	7 	0 	3 	1 	25 	2 	0 	0 	0 	0 	0 	1 	3 	0 	0 	0.8208 	0.5523 	1.0893 	1.0000 
110 	6 	0 	7 	1 	0 	6 	1 	0 	1 	4 	3 	5 	0 	0 	1 	3 	16 	1 	0 	1 	0.6221 	0.4028 	0.8413 	1.0000 
111 	33 	0 	0 	2 	0 	5 	0 	0 	1 	0 	0 	0 	0 	0 	0 	8 	3 	4 	0 	0 	1.1217 	0.8354 	1.4080 	1.0000 
112 	0 	0 	0 	0 	10 	0 	0 	3 	0 	31 	0 	0 	0 	0 	4 	0 	1 	6 	0 	1 	1.1729 	0.8860 	1.4599 	1.0000 
113 	2 	0 	6 	2 	0 	25 	1 	1 	0 	1 	2 	2 	0 	1 	0 	5 	7 	1 	0 	0 	0.8472 	0.5663 	1.1280 	1.0000 
114 	5 	0 	8 	8 	0 	8 	2 	2 	2 	3 	0 	6 	0 	2 	2 	7 	0 	1 	0 	0 	0.4787 	0.3063 	0.6512 	1.0000 
115 	28 	0 	0 	0 	1 	7 	0 	11 	0 	5 	2 	0 	0 	1 	0 	0 	1 	0 	0 	0 	1.0801 	0.8069 	1.3534 	1.0000 
116 	4 	1 	0 	0 	0 	2 	0 	9 	0 	19 	2 	0 	0 	0 	0 	0 	0 	19 	0 	0 	1.0429 	0.7963 	1.2894 	1.0000 
117 	5 	2 	4 	1 	0 	8 	1 	0 	21 	0 	0 	3 	0 	7 	0 	3 	1 	0 	0 	0 	0.8914 	0.6433 	1.1394 	1.0000 
118 	1 	0 	1 	0 	0 	1 	22 	0 	11 	8 	0 	5 	0 	2 	0 	3 	1 	1 	0 	0 	1.2727 	0.9950 	1.5504 	1.0000 
119 	0 	0 	1 	1 	0 	0 	0 	6 	15 	21 	4 	0 	1 	0 	4 	1 	0 	2 	0 	0 	0.9368 	0.6776 	1.1959 	1.0000 
120 	4 	0 	31 	2 	0 	13 	0 	0 	1 	0 	1 	1 	0 	0 	0 	0 	2 	1 	0 	0 	1.3246 	1.0310 	1.6182 	1.0000 
121 	1 	0 	21 	0 	0 	1 	8 	0 	3 	0 	0 	17 	0 	2 	0 	1 	1 	1 	0 	0 	1.3288 	1.0640 	1.5935 	1.0000 
122 	2 	0 	1 	1 	0 	6 	12 	4 	1 	20 	3 	0 	1 	1 	0 	0 	3 	1 	0 	0 	0.8992 	0.6184 	1.1800 	1.0000 
123 	6 	0 	4 	13 	0 	0 	0 	0 	14 	0 	0 	0 	13 	1 	1 	2 	1 	1 	0 	0 	0.9035 	0.6905 	1.1164 	1.0000 
124 	17 	2 	1 	0 	0 	16 	0 	0 	1 	0 	1 	4 	1 	0 	0 	2 	4 	7 	0 	0 	0.8074 	0.5577 	1.0570 	1.0000 
125 	10 	0 	1 	10 	0 	1 	3 	3 	1 	3 	4 	2 	0 	1 	0 	0 	12 	5 	0 	0 	0.6439 	0.4296 	0.8582 	1.0000 
126 	3 	0 	1 	1 	10 	0 	0 	4 	2 	25 	0 	1 	0 	0 	0 	2 	0 	3 	0 	3 	0.8851 	0.5996 	1.1706 	0.9821 
127 	0 	0 	0 	0 	0 	0 	0 	0 	1 	0 	0 	0 	0 	0 	0 	0 	0 	0 	0 	0 	1.0715 	0.4735 	1.6694 	0.0179 
128 	0 	0 	0 	0 	0 	1 	0 	0 	0 	0 	0 	0 	0 	0 	0 	0 	0 	0 	0 	0 	1.0429 	0.4331 	1.6526 	0.0179 
129 	13 	2 	4 	2 	0 	2 	1 	0 	12 	0 	1 	1 	1 	3 	0 	11 	2 	1 	0 	0 	0.6636 	0.4259 	0.9012 	1.0000 
130 	11 	0 	3 	2 	0 	2 	0 	0 	8 	3 	0 	2 	13 	4 	1 	3 	2 	1 	0 	1 	0.5593 	0.3521 	0.7666 	1.0000 
131 	5 	0 	1 	0 	0 	0 	0 	1 	1 	43 	0 	0 	0 	0 	0 	0 	2 	3 	0 	0 	1.4041 	1.0722 	1.7360 	1.0000 
132 	0 	0 	1 	0 	0 	0 	0 	0 	0 	5 	0 	0 	0 	0 	0 	0 	0 	0 	0 	0 	1.1720 	0.5324 	1.8115 	0.1071 
133 	15 	0 	1 	1 	0 	0 	0 	0 	7 	1 	0 	0 	0 	0 	2 	25 	0 	0 	0 	0 	1.1792 	0.9143 	1.4441 	0.9286 
134 	0 	0 	15 	13 	0 	0 	3 	0 	6 	0 	0 	1 	0 	10 	1 	1 	1 	1 	0 	0 	1.0633 	0.8257 	1.3008 	0.9286 
135 	0 	0 	0 	0 	3 	0 	0 	2 	2 	28 	2 	0 	0 	0 	0 	11 	2 	0 	0 	2 	1.0793 	0.7692 	1.3893 	0.9286 
136 	4 	0 	0 	0 	0 	7 	39 	0 	0 	0 	0 	0 	0 	1 	0 	4 	0 	1 	0 	0 	2.1765 	1.8424 	2.5107 	1.0000 
137 	29 	10 	0 	0 	0 	2 	0 	1 	1 	0 	0 	0 	0 	0 	2 	6 	1 	3 	0 	1 	1.1904 	0.8731 	1.5078 	1.0000 
138 	0 	0 	9 	3 	1 	1 	8 	5 	3 	0 	0 	6 	0 	2 	0 	3 	12 	1 	0 	2 	0.7582 	0.5558 	0.9606 	1.0000 
139 	0 	0 	0 	2 	0 	0 	16 	0 	35 	0 	0 	2 	0 	0 	0 	1 	0 	0 	0 	0 	1.9209 	1.6226 	2.2191 	1.0000 
140 	0 	0 	0 	1 	0 	0 	0 	0 	0 	0 	0 	0 	0 	0 	0 	0 	0 	0 	0 	0 	1.0609 	0.4598 	1.6620 	0.0179 
141 	0 	0 	0 	0 	0 	1 	0 	0 	0 	0 	0 	0 	0 	0 	0 	0 	0 	0 	0 	0 	1.0429 	0.4331 	1.6526 	0.0179 
142 	1 	1 	0 	0 	1 	0 	0 	3 	2 	1 	0 	0 	0 	0 	0 	1 	0 	2 	0 	0 	0.8077 	0.4385 	1.1768 	0.2143 
143 	2 	0 	0 	0 	0 	0 	0 	0 	1 	0 	0 	0 	0 	6 	0 	2 	1 	0 	0 	0 	1.1582 	0.7139 	1.6026 	0.2143 
144 	2 	0 	0 	0 	0 	0 	13 	0 	7 	26 	0 	0 	0 	0 	6 	1 	1 	0 	0 	0 	1.2519 	0.9720 	1.5317 	1.0000 
145 	2 	0 	0 	0 	0 	8 	14 	0 	18 	0 	0 	0 	0 	1 	12 	0 	1 	0 	0 	0 	1.3193 	1.0824 	1.5562 	1.0000 
146 	0 	0 	0 	1 	1 	0 	0 	18 	0 	0 	0 	0 	0 	0 	0 	2 	0 	34 	0 	0 	1.6477 	1.3758 	1.9196 	1.0000 
147 	1 	0 	26 	0 	2 	2 	0 	0 	1 	1 	0 	0 	15 	0 	0 	4 	2 	2 	0 	0 	1.2072 	0.9320 	1.4825 	1.0000 
148 	4 	0 	4 	0 	0 	1 	0 	4 	1 	0 	0 	3 	26 	2 	0 	0 	1 	9 	0 	0 	1.0886 	0.8164 	1.3608 	0.9821 
149 	9 	0 	2 	12 	0 	1 	0 	1 	11 	0 	0 	2 	3 	2 	0 	1 	0 	12 	0 	0 	0.7400 	0.5335 	0.9465 	1.0000 
150 	0 	0 	1 	1 	1 	0 	5 	0 	0 	0 	0 	27 	1 	4 	1 	1 	0 	0 	0 	12 	1.5372 	1.2428 	1.8317 	0.9643 
151 	0 	0 	0 	0 	41 	0 	0 	0 	0 	12 	0 	0 	0 	0 	0 	0 	0 	0 	0 	1 	2.1373 	1.8420 	2.4327 	0.9643 
152 	0 	0 	2 	13 	0 	2 	0 	0 	19 	1 	0 	1 	3 	1 	7 	0 	0 	4 	0 	0 	0.9488 	0.7062 	1.1914 	0.9464 
153 	2 	0 	0 	2 	12 	0 	0 	2 	2 	24 	1 	1 	1 	0 	0 	0 	0 	6 	0 	1 	0.9572 	0.6674 	1.2470 	0.9643 
154 	0 	0 	0 	0 	4 	0 	0 	14 	0 	28 	1 	0 	0 	0 	0 	0 	1 	6 	0 	0 	1.2347 	0.9600 	1.5094 	0.9643 
155 	5 	1 	1 	0 	0 	15 	0 	0 	6 	1 	0 	2 	0 	0 	4 	20 	1 	0 	0 	0 	0.8867 	0.6428 	1.1306 	1.0000 
156 	2 	0 	7 	14 	1 	1 	9 	0 	2 	0 	0 	10 	2 	5 	0 	0 	1 	0 	0 	1 	0.9414 	0.7158 	1.1671 	0.9821 
157 	15 	14 	1 	1 	0 	0 	1 	6 	0 	0 	0 	0 	1 	1 	0 	4 	1 	11 	0 	0 	1.0951 	0.8276 	1.3627 	1.0000 
158 	1 	0 	0 	0 	4 	0 	0 	18 	0 	27 	2 	0 	0 	0 	0 	0 	0 	2 	0 	1 	1.2753 	0.9892 	1.5615 	0.9821 
159 	1 	0 	0 	1 	4 	0 	0 	12 	0 	19 	0 	0 	1 	1 	0 	0 	1 	15 	0 	0 	1.0048 	0.7596 	1.2501 	0.9821 
160 	0 	3 	0 	1 	0 	1 	4 	4 	11 	0 	0 	1 	0 	8 	0 	3 	2 	17 	0 	0 	0.9260 	0.6847 	1.1672 	0.9821 
161 	3 	2 	0 	2 	2 	1 	0 	0 	0 	0 	0 	0 	0 	0 	0 	0 	15 	28 	0 	2 	1.2787 	0.9871 	1.5702 	0.9821 
162 	1 	0 	0 	0 	1 	0 	0 	13 	0 	36 	2 	0 	0 	0 	0 	0 	0 	3 	0 	0 	1.3913 	1.0901 	1.6925 	1.0000 
163 	27 	0 	2 	1 	0 	1 	3 	0 	9 	0 	1 	0 	0 	8 	0 	3 	1 	0 	0 	0 	1.0528 	0.7653 	1.3403 	1.0000 
164 	8 	2 	0 	13 	1 	1 	4 	4 	2 	0 	1 	0 	0 	1 	5 	11 	1 	2 	0 	0 	0.6473 	0.4203 	0.8744 	1.0000 
165 	8 	0 	0 	0 	0 	0 	24 	0 	13 	1 	1 	0 	0 	1 	2 	0 	0 	5 	0 	1 	1.4767 	1.1926 	1.7608 	1.0000 
166 	0 	0 	0 	0 	12 	0 	15 	3 	0 	13 	0 	0 	0 	1 	0 	2 	2 	5 	0 	2 	1.1560 	0.9038 	1.4082 	0.9821 
167 	0 	0 	0 	0 	0 	1 	0 	0 	0 	0 	0 	0 	0 	0 	0 	0 	0 	0 	0 	0 	1.0429 	0.4331 	1.6526 	0.0179 
168 	3 	0 	0 	0 	0 	18 	0 	0 	1 	0 	0 	0 	23 	2 	0 	3 	0 	1 	0 	0 	1.3057 	1.0295 	1.5818 	0.9107 
169 	7 	0 	8 	3 	0 	13 	1 	0 	9 	0 	0 	2 	0 	0 	1 	7 	2 	0 	0 	0 	0.6983 	0.4996 	0.8969 	0.9464 
170 	0 	0 	0 	0 	0 	0 	0 	0 	0 	0 	0 	0 	0 	1 	0 	0 	0 	0 	0 	0 	1.1189 	0.5202 	1.7177 	0.0179 
171 	3 	0 	16 	14 	0 	3 	0 	0 	8 	0 	1 	4 	0 	1 	1 	2 	2 	0 	0 	0 	0.8564 	0.6274 	1.0855 	0.9821 
172 	3 	1 	0 	0 	35 	0 	0 	0 	0 	3 	3 	1 	0 	0 	0 	0 	0 	1 	8 	0 	1.8690 	1.5289 	2.2090 	0.9821 
173 	3 	0 	2 	0 	1 	11 	1 	0 	0 	0 	0 	2 	1 	0 	0 	8 	25 	0 	0 	1 	1.0630 	0.7904 	1.3357 	0.9821 
174 	14 	0 	5 	3 	0 	4 	0 	0 	0 	1 	0 	0 	25 	0 	0 	2 	0 	0 	0 	0 	1.1802 	0.9222 	1.4382 	0.9643 
175 	9 	0 	14 	19 	0 	3 	1 	0 	0 	1 	0 	2 	2 	4 	0 	1 	0 	0 	0 	0 	0.9449 	0.7052 	1.1845 	1.0000 
176 	9 	3 	1 	0 	0 	2 	0 	1 	2 	9 	2 	1 	0 	1 	0 	2 	3 	20 	0 	0 	0.7289 	0.4663 	0.9916 	1.0000 
177 	0 	0 	0 	1 	0 	0 	13 	0 	0 	0 	0 	0 	0 	24 	0 	0 	0 	1 	0 	0 	2.1469 	1.8122 	2.4816 	0.6964 
178 	0 	0 	0 	1 	0 	1 	0 	0 	4 	1 	0 	2 	0 	0 	0 	3 	0 	0 	0 	1 	0.8692 	0.5028 	1.2355 	0.2321 
179 	33 	1 	3 	3 	0 	7 	1 	0 	0 	0 	1 	1 	0 	0 	0 	2 	4 	0 	0 	0 	1.0918 	0.7708 	1.4128 	1.0000 
180 	34 	0 	1 	2 	0 	1 	0 	1 	0 	0 	0 	1 	0 	0 	0 	15 	0 	0 	0 	0 	1.3578 	1.0650 	1.6505 	0.9821 
181 	1 	0 	1 	0 	3 	0 	0 	2 	0 	13 	12 	0 	0 	0 	0 	0 	0 	1 	15 	7 	1.4899 	1.2082 	1.7716 	0.9821 
182 	2 	0 	14 	9 	0 	5 	1 	0 	4 	0 	0 	3 	0 	9 	2 	2 	3 	0 	2 	0 	0.7405 	0.5279 	0.9531 	1.0000 
183 	6 	0 	1 	0 	0 	0 	0 	1 	40 	1 	0 	1 	1 	1 	0 	0 	0 	4 	0 	0 	1.5630 	1.2310 	1.8950 	1.0000 
184 	20 	0 	0 	0 	14 	1 	1 	0 	1 	7 	1 	0 	0 	0 	0 	0 	0 	9 	1 	1 	1.0189 	0.7585 	1.2793 	1.0000 
185 	0 	0 	0 	0 	6 	0 	0 	1 	0 	27 	3 	0 	0 	0 	1 	0 	0 	10 	0 	8 	1.1643 	0.8895 	1.4391 	1.0000 
186 	16 	3 	8 	11 	0 	3 	0 	0 	0 	0 	0 	0 	0 	1 	2 	7 	4 	1 	0 	0 	0.7543 	0.5351 	0.9736 	1.0000 
187 	6 	2 	1 	3 	1 	10 	0 	2 	0 	12 	2 	5 	0 	2 	0 	4 	0 	5 	0 	1 	0.4724 	0.2598 	0.6849 	1.0000 
188 	0 	0 	1 	0 	0 	0 	0 	0 	0 	0 	0 	0 	0 	0 	0 	0 	0 	0 	0 	0 	1.0808 	0.4845 	1.6771 	0.0179 
189 	0 	0 	0 	0 	0 	1 	0 	0 	0 	0 	0 	0 	0 	0 	0 	0 	0 	0 	0 	0 	1.0429 	0.4331 	1.6526 	0.0179 
190 	0 	0 	0 	0 	1 	0 	0 	0 	0 	0 	0 	0 	0 	0 	0 	0 	0 	0 	0 	0 	1.1225 	0.5228 	1.7221 	0.0179 
191 	1 	0 	0 	0 	0 	0 	0 	0 	0 	0 	0 	0 	0 	0 	0 	0 	0 	0 	0 	0 	1.0279 	0.4073 	1.6486 	0.0179 
192 	0 	0 	0 	0 	0 	0 	0 	0 	0 	0 	0 	0 	0 	0 	1 	0 	0 	0 	0 	0 	1.0715 	0.4735 	1.6694 	0.0179 
193 	0 	0 	0 	0 	0 	0 	0 	0 	0 	0 	0 	0 	0 	0 	0 	0 	0 	1 	0 	0 	1.0532 	0.4490 	1.6574 	0.0179 
194 	0 	0 	0 	0 	11 	0 	0 	6 	0 	10 	0 	0 	0 	0 	0 	0 	0 	28 	0 	1 	1.3330 	1.0855 	1.5804 	1.0000 
195 	0 	0 	0 	0 	0 	0 	0 	0 	0 	0 	0 	0 	0 	1 	0 	0 	0 	0 	0 	0 	1.1189 	0.5202 	1.7177 	0.0179 
196 	0 	0 	1 	0 	0 	0 	0 	0 	0 	0 	0 	0 	0 	0 	0 	0 	0 	0 	0 	0 	1.0808 	0.4845 	1.6771 	0.0179 
197 	0 	0 	0 	0 	0 	0 	0 	0 	0 	0 	0 	1 	0 	0 	0 	0 	0 	0 	0 	0 	1.1057 	0.5093 	1.7021 	0.0179 
198 	19 	3 	0 	0 	2 	2 	0 	2 	1 	0 	0 	0 	1 	0 	11 	11 	0 	4 	0 	0 	0.8507 	0.6052 	1.0962 	1.0000 
199 	7 	0 	4 	1 	0 	1 	3 	2 	3 	1 	0 	16 	0 	3 	0 	4 	11 	0 	0 	0 	0.7907 	0.5700 	1.0115 	1.0000 
200 	23 	0 	13 	1 	0 	0 	0 	1 	0 	2 	1 	0 	0 	1 	0 	0 	1 	13 	0 	0 	1.0732 	0.8182 	1.3282 	1.0000 
201 	0 	0 	0 	0 	1 	0 	0 	14 	0 	32 	6 	0 	0 	0 	0 	0 	0 	0 	0 	0 	1.5063 	1.2165 	1.7960 	0.9464 
202 	21 	0 	0 	3 	1 	0 	0 	2 	8 	0 	0 	0 	0 	0 	2 	4 	10 	2 	0 	0 	0.8580 	0.6116 	1.1043 	0.9464 
203 	0 	0 	0 	0 	0 	0 	0 	0 	1 	0 	0 	0 	0 	0 	0 	0 	0 	0 	0 	0 	1.0715 	0.4735 	1.6694 	0.0179 
204 	1 	0 	0 	0 	0 	0 	0 	0 	0 	0 	0 	0 	0 	0 	0 	0 	0 	0 	0 	0 	1.0279 	0.4073 	1.6486 	0.0179 
205 	0 	0 	0 	0 	0 	0 	0 	0 	0 	0 	1 	0 	0 	0 	0 	0 	0 	0 	0 	0 	1.1945 	0.5586 	1.8304 	0.0179 
206 	0 	0 	0 	0 	0 	0 	0 	0 	1 	0 	0 	0 	0 	0 	0 	0 	0 	0 	0 	0 	1.0715 	0.4735 	1.6694 	0.0179 
207 	12 	0 	0 	1 	1 	0 	7 	0 	5 	0 	0 	1 	0 	1 	3 	19 	3 	0 	0 	0 	0.9517 	0.6915 	1.2118 	0.9464 
208 	0 	0 	0 	0 	0 	0 	0 	0 	10 	1 	0 	2 	0 	0 	0 	0 	0 	0 	0 	0 	1.5134 	0.9808 	2.0459 	0.2321 
209 	0 	0 	0 	0 	0 	0 	0 	0 	0 	0 	0 	0 	0 	0 	0 	0 	0 	0 	0 	13 	2.3281 	1.7322 	2.9240 	0.2321 
210 	0 	0 	0 	0 	0 	0 	0 	0 	13 	0 	0 	0 	0 	0 	0 	0 	0 	0 	0 	0 	1.9217 	1.3382 	2.5052 	0.2321 
211 	0 	0 	0 	13 	0 	0 	0 	0 	0 	0 	0 	0 	0 	0 	0 	0 	0 	0 	0 	0 	1.8636 	1.2801 	2.4471 	0.2321 
212 	1 	0 	0 	0 	2 	0 	0 	0 	0 	10 	0 	0 	0 	0 	0 	0 	0 	0 	0 	0 	1.2928 	0.7443 	1.8414 	0.2321 
213 	3 	0 	0 	5 	0 	15 	1 	0 	19 	0 	0 	1 	0 	2 	3 	0 	1 	1 	0 	1 	0.9542 	0.6857 	1.2227 	0.9286 
214 	0 	0 	0 	1 	0 	0 	0 	0 	0 	0 	0 	0 	0 	0 	0 	0 	0 	0 	0 	0 	1.0609 	0.4598 	1.6620 	0.0179 
215 	1 	0 	0 	0 	0 	0 	0 	0 	0 	0 	0 	0 	0 	0 	0 	0 	0 	0 	0 	0 	1.0279 	0.4073 	1.6486 	0.0179 
216 	0 	0 	1 	0 	0 	0 	0 	0 	0 	0 	0 	0 	0 	0 	0 	0 	0 	0 	0 	0 	1.0808 	0.4845 	1.6771 	0.0179 
217 	0 	0 	0 	0 	0 	0 	0 	0 	0 	1 	0 	0 	0 	0 	0 	0 	0 	0 	0 	0 	1.0177 	0.3875 	1.6480 	0.0179 
218 	0 	0 	0 	0 	0 	0 	0 	0 	0 	0 	0 	0 	0 	0 	0 	0 	0 	0 	0 	1 	1.1510 	0.5409 	1.7611 	0.0179 
219 	2 	0 	0 	0 	13 	0 	0 	2 	0 	4 	2 	0 	0 	0 	0 	0 	0 	1 	0 	28 	1.7135 	1.4148 	2.0121 	0.9286 
220 	0 	0 	1 	0 	0 	0 	14 	0 	1 	0 	0 	0 	0 	12 	13 	1 	1 	0 	0 	0 	1.5943 	1.3082 	1.8803 	0.7679 
221 	2 	0 	0 	0 	0 	14 	0 	0 	0 	0 	0 	0 	0 	0 	0 	1 	0 	0 	0 	0 	1.5003 	0.9924 	2.0081 	0.3036 
222 	0 	0 	0 	0 	0 	0 	1 	0 	0 	0 	0 	0 	0 	0 	0 	0 	0 	0 	0 	0 	1.2081 	0.5622 	1.8540 	0.0179 
223 	0 	0 	0 	0 	0 	0 	1 	0 	0 	0 	0 	0 	0 	0 	0 	0 	0 	0 	0 	0 	1.2081 	0.5622 	1.8540 	0.0179 
224 	0 	0 	0 	0 	0 	0 	0 	0 	0 	1 	0 	0 	0 	0 	0 	0 	0 	0 	0 	0 	1.0177 	0.3875 	1.6480 	0.0179 
225 	0 	0 	0 	0 	0 	0 	0 	0 	2 	0 	0 	0 	0 	1 	0 	0 	0 	0 	0 	0 	1.1342 	0.5653 	1.7031 	0.0536 
226 	0 	0 	0 	0 	0 	0 	0 	0 	0 	0 	0 	0 	1 	0 	0 	0 	0 	0 	0 	0 	1.0859 	0.4900 	1.6817 	0.0179 
227 	1 	0 	1 	0 	0 	0 	0 	0 	0 	0 	0 	0 	0 	0 	0 	1 	0 	0 	0 	0 	0.9505 	0.4286 	1.4724 	0.0536 
228 	1 	0 	0 	0 	0 	0 	0 	0 	0 	0 	0 	0 	0 	0 	0 	1 	0 	1 	0 	0 	0.9303 	0.4074 	1.4533 	0.0536 
229 	5 	0 	0 	1 	0 	0 	0 	0 	0 	0 	0 	0 	0 	0 	0 	0 	1 	0 	0 	0 	1.1140 	0.5366 	1.6915 	0.1250 
230 	0 	0 	0 	0 	0 	0 	0 	0 	0 	0 	0 	0 	0 	0 	0 	0 	0 	0 	0 	1 	1.1510 	0.5409 	1.7611 	0.0179 
231 	1 	0 	0 	0 	0 	0 	0 	0 	0 	0 	0 	0 	0 	0 	0 	0 	0 	0 	0 	0 	1.0279 	0.4073 	1.6486 	0.0179 
# End LogoData